Print the heap: 1, 123, 0, 0, 0, 0, 0, 0, 0, 0, 
Print the heap: 2, 123, 825, 0, 0, 0, 0, 0, 0, 0, 
Print the heap: 3, 17, 825, 123, 0, 0, 0, 0, 0, 0, 
Print the heap: 4, 17, 58, 123, 825, 0, 0, 0, 0, 0, 
Print the heap: 5, 17, 29, 123, 825, 58, 0, 0, 0, 0, 
Print the heap: 6, 17, 29, 91, 825, 58, 123, 0, 0, 0, 
Print the heap: 7, 17, 29, 91, 825, 58, 123, 92, 0, 0, 
Print the heap: 8, 17, 29, 91, 93, 58, 123, 92, 825, 0, 
Print the heap: 9, 17, 29, 91, 73, 58, 123, 92, 825, 93, 
Print the heap: 10, 17, 29, 91, 73, 31, 123, 92, 825, 93, 
Print the heap: 11, 17, 21, 91, 73, 29, 123, 92, 825, 93, 
Print the heap: 12, 17, 21, 91, 73, 29, 94, 92, 825, 93, 
Print the heap: 13, 17, 21, 81, 73, 29, 91, 92, 825, 93, 
Print the heap: 14, 17, 21, 19, 73, 29, 91, 81, 825, 93, 
Print the heap: 15, 17, 21, 19, 73, 29, 91, 36, 825, 93, 
Print the heap: 16, 17, 21, 19, 38, 29, 91, 36, 73, 93, 
Print the heap: 17, 17, 21, 19, 32, 29, 91, 36, 38, 93, 
Print the heap: 18, 17, 21, 19, 32, 29, 91, 36, 38, 93, 
Print the heap: 19, 17, 21, 19, 32, 29, 91, 36, 38, 93, 
Print the heap: 20, 17, 21, 19, 32, 29, 91, 36, 38, 93, 
Print the heap: 21, 17, 21, 19, 32, 29, 91, 36, 38, 93, 
Print the heap: 22, 17, 21, 19, 32, 29, 91, 36, 38, 93, 
Print the heap: 23, 17, 21, 19, 32, 29, 91, 36, 38, 93, 
Print the heap: 24, 17, 21, 19, 32, 29, 77, 36, 38, 93, 
Print the heap: 23, 19, 21, 36, 32, 29, 77, 81, 38, 93, 
Print the heap: 22, 21, 29, 36, 32, 31, 77, 81, 38, 93, 
Print the heap: 21, 29, 31, 36, 32, 33, 77, 81, 38, 93, 
Print the heap: 20, 31, 32, 36, 38, 33, 77, 81, 66, 93, 
Print the heap: 19, 32, 33, 36, 38, 44, 77, 81, 66, 93, 
Print the heap: 18, 33, 38, 36, 66, 44, 77, 81, 73, 93, 
Print the heap: 17, 36, 38, 77, 66, 44, 91, 81, 73, 93, 
Print the heap: 16, 38, 44, 77, 66, 55, 91, 81, 73, 93, 
Print the heap: 15, 44, 55, 77, 66, 58, 91, 81, 73, 93, 
Print the heap: 14, 55, 58, 77, 66, 123, 91, 81, 73, 93, 
Print the heap: 13, 58, 66, 77, 73, 123, 91, 81, 92, 93, 
Print the heap: 12, 66, 73, 77, 92, 123, 91, 81, 94, 93, 
Print the heap: 11, 73, 92, 77, 93, 123, 91, 81, 94, 361, 
Print the heap: 10, 77, 92, 81, 93, 123, 91, 637, 94, 361, 
Print the heap: 9, 81, 92, 91, 93, 123, 825, 637, 94, 361, 
Print the heap: 8, 91, 92, 361, 93, 123, 825, 637, 94, 0, 
Print the heap: 7, 92, 93, 361, 94, 123, 825, 637, 0, 0, 
Print the heap: 6, 93, 94, 361, 637, 123, 825, 0, 0, 0, 
Print the heap: 5, 94, 123, 361, 637, 825, 0, 0, 0, 0, 
Print the heap: 4, 123, 637, 361, 825, 0, 0, 0, 0, 0, 
Print the heap: 3, 361, 637, 825, 0, 0, 0, 0, 0, 0, 
Print the heap: 2, 637, 825, 0, 0, 0, 0, 0, 0, 0, 
Print the heap: 1, 825, 0, 0, 0, 0, 0, 0, 0, 0, 
Print the heap: 0, 825, 0, 0, 0, 0, 0, 0, 0, 0, 
