6
588
95
8
702
16
95
4
739
322
91
388
213
2255
637
361
730
93
92
91
29
538
127
226
825
1724
23
213
4152
14
133
12
9999
8
702
322
91
Table[0][0]: 
730, 
Table[0][1]: 
91, 361, 91, 91, 
Table[0][2]: 
702, 322, 92, 4152, 12, 702, 322, 
Table[0][3]: 
213, 93, 23, 213, 133, 
Table[0][4]: 
4, 1724, 14, 
Table[0][5]: 
95, 95, 2255, 825, 
Table[0][6]: 
6, 16, 226, 
Table[0][7]: 
637, 127, 
Table[0][8]: 
588, 8, 388, 538, 8, 
Table[0][9]: 
739, 29, 9999, 
Table[0][0]: 
4, 6, 8, 8, 12, 14, 16, 23, 29, 91, 91, 91, 92, 93, 95, 95, 127, 133, 213, 213, 226, 322, 322, 361, 388, 538, 588, 637, 702, 702, 730, 739, 825, 
Table[0][1]: 
1724, 
Table[0][2]: 
2255, 
Table[0][4]: 
4152, 
Table[0][9]: 
9999, 
